376
608
764
765
766
767
611
612
768
769
875
771
770
614
772
615
973
773
774
775
616
617
776
618
619
777
778
621
622
623
779
972
624
625
971
627
628
780
781
782
783
970
784
785
631
632
786
635
787
788
636
789
790
791
638
640
639
642
792
644
969
968
793
967
645
647
649
650
651
794
795
966
654
655
656
658
659
660
661
796
663
664
395
667
668
669
670
671
672
673
674
954
407
675
676
677
797
798
684
799
800
687
423
688
801
802
803
689
690
964
691
693
804
696
697
698
699
701
974
702
805
704
706
709
416
806
807
712
714
715
716
717
719
808
720
721
722
723
724
425
809
725
726
727
728
729
810
730
731
732
733
811
735
736
737
738
739
740
741
812
743
947
434
374
31
962
32
34
813
35
814
815
36
816
817
38
40
42
961
44
818
47
819
820
821
52
53
54
822
56
57
823
824
58
825
826
59
60
61
62
978
63
980
64
65
66
67
68
70
71
72
73
74
827
75
76
960
828
77
992
959
829
830
831
78
832
79
80
833
834
81
82
85
83
84
835
958
86
87
836
957
88
93
837
94
956
96
97
98
99
100
101
102
103
104
838
105
107
109
110
111
112
113
114
115
116
839
117
840
118
841
842
948
119
120
121
122
123
124
126
127
128
129
843
130
131
132
133
135
136
137
484
138
844
965
141
761
142
845
846
847
848
145
955
849
147
850
148
491
851
852
853
854
149
151
153
495
855
155
856
857
858
859
860
861
862
156
863
158
864
159
865
160
162
163
866
949
164
502
165
166
963
169
170
950
172
173
174
175
867
868
869
870
177
178
179
180
181
182
871
185
186
872
187
188
189
873
190
513
874
876
515
516
518
192
877
878
879
880
881
193
195
197
882
883
884
885
886
887
198
199
200
202
888
889
205
890
891
892
893
894
895
896
207
523
983
209
951
985
212
524
213
897
898
899
900
988
214
901
216
902
903
218
219
904
220
989
222
223
224
225
226
905
227
230
232
990
906
987
986
233
907
762
908
909
910
911
234
235
912
236
237
913
238
991
239
242
243
914
244
984
975
246
915
982
916
248
249
250
251
252
917
253
254
255
256
918
919
257
258
920
549
262
263
265
266
981
267
268
269
551
270
272
275
276
553
277
921
278
279
922
923
924
280
281
282
284
288
289
290
291
292
293
294
295
925
926
296
297
558
299
300
301
302
561
927
928
303
929
567
304
305
306
307
308
930
952
953
310
311
312
313
931
979
314
315
316
317
574
318
319
320
322
337
578
977
323
325
328
580
329
581
331
334
335
338
340
932
341
342
343
344
345
347
348
349
350
352
933
353
354
355
357
358
360
934
363
364
935
365
366
367
936
368
937
938
369
939
370
976
371
372
596
940
599
30
1
2
4
5
6
941
7
8
9
10
12
14
15
942
18
943
944
945
19
20
21
946
22
23
24
25
26
27
28
29
