VOC
TOG
SOX
SO2
ROG
PM-PRI
PM-FIL
PM-CON
PM25-PRI
PM25-FIL
PM25
PM10-PRI
PM10-FIL
PM10
PM
PB
OZ
OC
NY059280
NOY
NOX
NO
NMOG
NMOC
NMHC
NH3
N20
MONO
ISO
HC
EC
CO2
CO
CH4
98953
98862
98828
98077
96457
96128
96093
95954
95807
95534
95487
95476
94757
93
929373
92933
92875
92671
92524
92203026
92
91941
91587
91576
91225
91203
9038953
9036195
9016459
90120
90040
88062
88
87865
87683
86737
85449
85018
84742
83329
832699
82688
822060
80626
8030704
8007452
8001352
79469
79447
79345
79118
79107
79061
79016
79005
78933
78875
78820
78591
78308
7803512
78002
78
7795917
7790809
779022
7789095
7789062
7789006
7788967
7787497
7786814
7785877
7784421
7784409
7783791
7783702
7783166
7783008
7782505
7782492
7779900
7778509
77781
7775113
7758976
77474
7738945
7723140
7722647
7719122
7718549
7664393
7664382
764998
7647010
764487
76448
75569
75558
7550450
75445
75354
75343
7529273
75252
75218
75150
75092
75070
75058
75014
75003
75
7496028
74908
7488564
74884
7487947
74873
74839
7446346
7446277
7446142
7446084
7440611
7440484
7440473
7440439
7440417
7440382
7440360
7440020
7439976
7439965
7439921
7428480
72918219
72559
72435
71556
71432
70648269
693210
684935
68122
680319
67721
67663
67562394
67561
67425
662082
64675
63252
629141
62759
62737
62533
625
624839
624
62384
623
622
621
620
619
618
61790145
61789513
617
616
613
610
609
60851345
608
607578
606
605
604
60355
60344
603
602
6018899
60117
601
600
59892
598630
593748
593602
58899
584849
57976
57749
57653857
57578
57147
57125
57117449
57117416
57117314
56832736
56553
56495
56382
56235
55722275
557211
55684941
55673897
554074
5522430
544923
542881
542756
541
540841
53963
53703
534521
534156
532274
51796
513791
51285
51207319
510156
50922297
506649
50328
50000
463581
4439241
4246519
42397659
42397648
4206615
41903575
40321764
400
40
398
39227286
39001020
38998753
383
37871004
3775857
373024
37187647
3697243
36088229
35822469
34590948
34465468
334883
3333393
331
3268879
3141126
3121617
30402154
30402143
302012
301042
2921882
284
283
2807309
27310210
27253287
26914181
263
262124
262
253
248
247
246
24267569
2422799
2381217
237
236
23495127
23436193
234
22967926
226
224420
218019
208968
207089
20706256
206440
205992
205823
203338
203123
202
201
200
199
198550
198
195197
195
19408743
193395
192972
192654
191300
191242
189640
189559
18912806
18540299
18454121
180
1746016
174
173
171
16925250
16842038
16672392
1634044
16065831
1589497
1582098
1569024
156627
155
151564
151508
14977618
144
143339
143226
14307358
14220178
142
141
140885
140294
140056
140
13967505
13943583
139
13814965
13770893
13765190
136527
136
13530682
13530659
13510491
13463393
13462889
1345160
1345046
133904
1336932
1336363
1335326
1335257
1333820
1332214
133062
1330207
1327533
1327522
1327339
132649
1319773
1317426
13173681
1317368
1317357
1317346
1314803
1314563
1314416
1314245
1314063
1313991
13138459
1313139
131113
1309644
1309600
1308389
1308141
1308130
1308061
1307966
1306236
1306190
1304569
1303282
13011546
129000
127184
1271289
12710360
126998
12640890
12626812
12504487
125
124174
123911
123739
123386
123319
122996
122667
121697
121448
12136913
121142
120821
120809
12060003
120558
12054487
12035722
12018198
12018018
120127
119937
119904
118741
117817
115866
114261
112594
112505
112492
112367
112356
112345
112276
112254
112152
112072
1120714
111966
111900
111773
111762
111466
111444
111422
111353
111159
11115745
111104
11103869
110805
110714
110543
110496
109999
109864
109591
109
108952
108907
108883
108656
108394
108383
108316
108101
108054
107982
107302
107211
107131
107062
107051
107028
106990
106934
106898
106887
106514
106503
106467
106445
106423
10588019
10377669
10325947
103
10294561
10294403
10215335
102
101779
101688
10143563
10143541
10143530
10137981
10137969
10124433
10124364
101144
10108642
101020
10101970
10101538
10101505
10099748
100805
10060125
100447
100425
100414
10034829
10031137
1002671
10025919
10025873
100027
