0101
0105
0107
0108
0201
0202
0203
0204
0205
0207
0301
0302
0303
0304
0305
0308
0310
0402
0406
0408
0409
0410
0411
0412
0413
0414
0415
0416
0417
0418
0501
0502
0503
0504
0601
0602
0603
0701
0702
0703
0704
0705
0707
0708
0709
0710
0711
0712
0713
0714
0715
0716
0801
0802
0803
0805
0806
0911
1001
1003
1101
1103
1201
1302
1305
1307
1311
1312
1313
1314
1315
1317
1318
1320
1321
1322
1325
1326
1328
1331
1332
1336
1337
1338
1339
1341
1342
1347
1348
1349
1401
1403
1405
1406
1407
1409
1410
1411
1414
1415
1501
1604
1607
1609
1610
1614
1615
1619
1621
1624
1625
1626-1
1626-2
1627
1629
1631
1634
1635
1636
1641
1642
1643
1644
1801
1802
1807-1
1807-2
1808-1
1808-2
1808-3
