1111
111110
111120
111130
111140
111150
111160
111191
111199
1112
111211
111219
1113
111310
111320
111331
111332
111333
111334
111335
111336
111339
1114
111411
111419
111421
111422
1119
111910
111920
111930
111940
111991
111992
111998
1121
112111
112112
112120
112130
1122
112210
1123
112310
112320
112330
112340
112390
1124
112410
112420
1125
112511
112512
112519
1129
112910
112920
112930
112990
1131
113110
1132
113210
1133
113310
1141
114111
114112
114119
1142
114210
1151
115111
115112
115113
115114
115115
115116
1152
115210
1153
115310
2111
211111
211112
2121
212111
212112
212113
2122
212210
212221
212222
212231
212234
212291
212299
2123
212311
212312
212313
212319
212321
212322
212324
212325
212391
212392
212393
212399
2131
213111
213112
213113
213114
213115
2211
221111
221112
221113
221119
221121
221122
2212
221210
2213
221310
221320
221330
2331
233110
2332
233210
233220
2333
233310
233320
2341
234110
234120
2349
234910
234920
234930
234990
2351
235110
2352
235210
2353
235310
2354
235410
235420
235430
2355
235510
235520
2356
235610
2357
235710
2358
235810
2359
235910
235920
235930
235940
235950
235990
2361
236115
236116
236117
236118
2362
236210
236220
2371
237110
237120
237130
2372
237210
2373
237310
2379
237990
2381
238110
238120
238130
238140
238150
238160
238170
238190
2382
238210
238220
238290
2383
238310
238320
238330
238340
238350
238390
2389
238910
238990
3111
311111
311119
3112
311211
311212
311213
311221
311222
311223
311225
311230
3113
311311
311312
311313
311320
311330
311340
3114
311411
311412
311421
311422
311423
3115
311511
311512
311513
311514
311520
3116
311611
311612
311613
311615
3117
311711
311712
3118
311811
311812
311813
311821
311822
311823
311830
3119
311911
311919
311920
311930
311941
311942
311991
311999
3121
312111
312112
312113
312120
312130
312140
3122
312210
312221
312229
3131
313111
313112
313113
3132
313210
313221
313222
313230
313241
313249
3133
313311
313312
313320
3141
314110
314121
314129
3149
314911
314912
314991
314992
314999
3151
315111
315119
315191
315192
3152
315211
315212
315221
315222
315223
315224
315225
315228
315231
315232
315233
315234
315239
315291
315292
315299
3159
315991
315992
315993
315999
3161
316110
3162
316211
316212
316213
316214
316219
3169
316991
316992
316993
316999
3211
321113
321114
3212
321211
321212
321213
321214
321219
3219
321911
321912
321918
321920
321991
321992
321999
3221
322110
322121
322122
322130
3222
322211
322212
322213
322214
322215
322221
322222
322223
322224
322225
322226
322231
322232
322233
322291
322299
3231
323110
323111
323112
323113
323114
323115
323116
323117
323118
323119
323121
323122
3241
324110
324121
324122
324191
324199
3251
325110
325120
325131
325132
325181
325182
325188
325191
325192
325193
325199
3252
325211
325212
325221
325222
3253
325311
325312
325314
325320
3254
325411
325412
325413
325414
3255
325510
325520
3256
325611
325612
325613
325620
3259
325910
325920
325991
325992
325998
3261
326111
326112
326113
326121
326122
326130
326140
326150
326160
326191
326192
326199
3262
326211
326212
326220
326291
326299
3271
327111
327112
327113
327121
327122
327123
327124
327125
3272
327211
327212
327213
327215
3273
327310
327320
327331
327332
327390
3274
327410
327420
3279
327910
327991
327992
327993
327999
3311
331111
331112
3312
331210
331221
331222
3313
331311
331312
331314
331315
331316
331319
3314
331411
331419
331421
331422
331423
331491
331492
3315
331511
331512
331513
331521
331522
331524
331525
331528
3321
332111
332112
332114
332115
332116
332117
3322
332211
332212
332213
332214
3323
332311
332312
332313
332321
332322
332323
3324
332410
332420
332431
332439
3325
332510
3326
332611
332612
332618
3327
332710
332721
332722
3328
332811
332812
332813
3329
332911
332912
332913
332919
332991
332992
332993
332994
332995
332996
332997
332998
332999
3331
333111
333112
333120
333131
333132
3332
333210
333220
333291
333292
333293
333294
333295
333298
3333
333311
333312
333313
333314
333315
333319
3334
333411
333412
333414
333415
3335
333511
333512
333513
333514
333515
333516
333518
3336
333611
333612
333613
333618
3339
333911
333912
333913
333921
333922
333923
333924
333991
333992
333993
333994
333995
333996
333997
333999
3341
334111
334112
334113
334119
3342
334210
334220
334290
3343
334310
3344
334411
334412
334413
334414
334415
334416
334417
334418
334419
3345
334510
334511
334512
334513
334514
334515
334516
334517
334518
334519
3346
334611
334612
334613
3351
335110
335121
335122
335129
3352
335211
335212
335221
335222
335224
335228
3353
335311
335312
335313
335314
3359
335911
335912
335921
335929
335931
335932
335991
335999
3361
336111
336112
336120
3362
336211
336212
336213
336214
3363
336311
336312
336321
336322
336330
336340
336350
336360
336370
336391
336399
3364
336411
336412
336413
336414
336415
336419
3365
336510
3366
336611
336612
3369
336991
336992
336999
3371
337110
337121
337122
337124
337125
337127
337129
3372
337211
337212
337214
337215
3379
337910
337920
3391
339111
339112
339113
339114
339115
339116
3399
339911
339912
339913
339914
339920
339931
339932
339941
339942
339943
339944
339950
339991
339992
339993
339994
339995
339999
4211
421110
421120
421130
421140
4212
421210
421220
4213
421310
421320
421330
421390
4214
421410
421420
421430
421440
421450
421460
421490
4215
421510
421520
4216
421610
421620
421690
4217
421710
421720
421730
421740
4218
421810
421820
421830
421840
421850
421860
4219
421910
421920
421930
421940
421990
4221
422110
422120
422130
4222
422210
4223
422310
422320
422330
422340
4224
422410
422420
422430
422440
422450
422460
422470
422480
422490
4225
422510
422520
422590
4226
422610
422690
4227
422710
422720
4228
422810
422820
4229
422910
422920
422930
422940
422950
422990
4231
4232
4233
423390
4234
423410
423420
423430
423440
423450
423460
423490
4235
423510
423520
4236
423610
423620
423690
4237
423710
423720
423730
423740
4238
423810
423820
423830
423840
423850
423860
4239
423910
423920
423930
423940
423990
4241
424110
424120
424130
4242
424210
4243
424310
424320
424330
424340
4244
424410
424420
424430
424440
424450
424460
424470
424480
424490
4245
424510
424520
424590
4246
424610
424690
4247
424710
424720
4248
424810
424820
4249
424910
424920
424930
424940
424950
424990
4251
425110
425120
4411
441110
441120
4412
441210
441221
441222
441229
4413
441310
441320
4421
442110
4422
442210
442291
442299
4431
443111
443112
443120
443130
4441
444110
444120
444130
444190
4442
444210
444220
4451
445110
445120
4452
445210
445220
445230
445291
445292
445299
4453
445310
4461
446110
446120
446130
446191
446199
4471
447110
447190
4481
448110
448120
448130
448140
448150
448190
4482
448210
4483
448310
448320
4511
451110
451120
451130
451140
4512
451211
451212
451220
4521
452110
452111
452112
4529
452910
452990
4531
453110
4532
453210
453220
4533
453310
4539
453910
453920
453930
453991
453998
4541
454110
454111
454112
454113
4542
454210
4543
454311
454312
454319
454390
4811
481111
481112
4812
481211
481212
481219
4821
482111
482112
4831
483111
483112
483113
483114
4832
483211
483212
4841
484110
484121
484122
4842
484210
484220
484230
4851
485111
485112
485113
485119
4852
485210
4853
485310
485320
4854
485410
4855
485510
4859
485991
485999
4861
486110
4862
486210
4869
486910
486990
4871
487110
4872
487210
4879
487990
4881
488111
488119
488190
4882
488210
4883
488310
488320
488330
488390
4884
488410
488490
4885
488510
4889
488991
488999
4911
491110
4921
492110
4922
492210
4931
493110
493120
493130
493190
5111
511110
511120
511130
511140
511191
511199
5112
511210
5121
512110
512120
512131
512132
512191
512199
5122
512210
512220
512230
512240
512290
5131
513111
513112
513120
5132
513210
513220
5133
513310
513321
513322
513330
513340
513390
5141
514110
514120
514191
514199
5142
514210
5151
5152
515210
5161
516110
5171
517110
5172
517211
517212
5173
517310
5174
517410
5175
517510
5179
517910
5181
518111
518112
5182
518210
5191
519110
519120
519190
5211
521110
5221
522110
522120
522130
522190
5222
522210
522220
522291
522292
522293
522294
522298
5223
522310
522320
522390
5231
523110
523120
523130
523140
5232
523210
5239
523910
523920
523930
523991
523999
5241
524113
524114
524126
524127
524128
524130
5242
524210
524291
524292
524298
5251
525110
525120
525190
5259
525910
525920
525930
525990
5311
531110
531120
531130
531190
5312
531210
5313
531311
531312
531320
531390
5321
532111
532112
532120
5322
532210
532220
532230
532291
532292
532299
5323
532310
5324
532411
532412
532420
532490
5331
533110
5411
541110
541120
541191
541199
5412
541211
541213
541214
541219
5413
541310
541320
541330
541340
541350
541360
541370
541380
5414
541410
541420
541430
541490
5415
541511
541512
541513
541519
5416
541611
541612
541613
541614
541618
541620
541690
5417
541710
541720
5418
541810
541820
541830
541840
541850
541860
541870
541890
5419
541910
541921
541922
541930
541940
541990
5511
551111
551112
551114
5611
561110
5612
561210
5613
561310
561320
561330
5614
561410
561421
561422
561431
561439
561440
561450
561491
561492
561499
5615
561510
561520
561591
561599
5616
561611
561612
561613
561621
561622
5617
561710
561720
561730
561740
561790
5619
561910
561920
561990
5621
562111
562112
562119
5622
562211
562212
562213
562219
5629
562910
562920
562991
562998
6111
611110
6112
611210
6113
611310
6114
611410
611420
611430
6115
611511
611512
611513
611519
6116
611610
611620
611630
611691
611692
611699
6117
611710
6211
621111
621112
6212
621210
6213
621310
621320
621330
621340
621391
621399
6214
621410
621420
621491
621492
621493
621498
6215
621511
621512
6216
621610
6219
621910
621991
621999
6221
622110
6222
622210
6223
622310
6231
623110
6232
623210
623220
6233
623311
623312
6239
623990
6241
624110
624120
624190
6242
624210
624221
624229
624230
6243
624310
6244
624410
7111
711110
711120
711130
711190
7112
711211
711212
711219
7113
711310
711320
7114
711410
7115
711510
7121
712110
712120
712130
712190
7131
713110
713120
7132
713210
713290
7139
713910
713920
713930
713940
713950
713990
7211
721110
721120
721191
721199
7212
721211
721214
7213
721310
7221
722110
7222
722211
722212
722213
7223
722310
722320
722330
7224
722410
8111
811111
811112
811113
811118
811121
811122
811191
811192
811198
8112
811211
811212
811213
811219
8113
811310
8114
811411
811412
811420
811430
811490
8121
812111
812112
812113
812191
812199
8122
812210
812220
8123
812310
812320
812331
812332
8129
812910
812921
812922
812930
812990
8131
813110
8132
813211
813212
813219
8133
813311
813312
813319
8134
813410
8139
813910
813920
813930
813940
813990
8141
814110
9211
921110
921120
921130
921140
921150
921190
9221
922110
922120
922130
922140
922150
922160
922190
9231
923110
923120
923130
923140
9241
924110
924120
9251
925110
925120
9261
926110
926120
926130
926140
926150
9271
927110
9281
928110
928120
