1001
1012
1013
103
1036
106
107
108
1082
1083
109
1118
127
1463
1567
1670
1757
177
181
1825
184
185
188
1886
1902
1903
1999
2023
2084
2119
2144
2154
2160
2201
2220
2297
230
2335
248
25
2562
2564
2640
2641
2642
2643
2645
2684
2698
2712
2724
279
2796
280
281
2812
2815
282
283
285
2954
2955
299
2999
3
30
3000
3001
3002
3003
3004
3006
3007
3008
3009
301
3010
3011
3012
3013
3014
3015
3016
3017
3018
3019
302
3020
3021
3022
3023
3024
3025
3026
3027
3028
3029
3030
3031
3032
3033
3034
3035
3036
3037
3038
3039
3040
313
316
33
367
369
371
382
385
388
39
390
391
392
438
44
442
449
452
46
465
47
474
485
486
491
497
498
508
511
514
522
529
53
531
536
541
542
544
550
551
588
59
592
595
596
598
600
601
603
604
605
608
610
611
616
620
64
65
663
671
673
678
698
707
717
728
737
742
76
770
78
80
84
840
89
92
97
977
992
996
Deviation","GC-MS"
